% accel test

stillmax=0.993710938336335
stillmin=0.993388699322503
stillavg = (stillmax+stillmin)/2

